8026943198
596675241
6858473903
6014039229
6859475338
7230200647
7142528969
952146157
7258962333
553147242
6936526883
1399807115
6876835015
6759409191
8012621837
1611905875
6540846644
1969246622
908071965
5742233157
617388829
6567617352
1052613770
1794821221
474188451
5192218991
459653533
5535115415
6784691070
1958794881
6146895684
1798439896
1720514126
6293076028
5035504445
982508720
1146431841
5971718911
1232417691
5731779586
5120670744
1143920852
162726413
7810554261
1450976422
7241795826
6086328642
1135302750
959562609
7704305013
6500856861
7241523148
583158128
5040781393
5440447159
1004212817
7030433710
1841489964
7931872459
7796770514
259631442
6211702976
1049994903
2034083212
5488393057
926002850
5641713269
6753602975
1636443735
7135113441
7683560149
5532292533
1032278877
727468748
7709923430
7402715932
7803566298
755253195
7311313637
6194478033
2135711967
7235840061
270594706
8124904734
1824504624
7299114248
6737134002
527309416
6827799929
7465881330
7851643908
6762392945
6750722618
1376515466
2090332415
7578605109
6984799892
610205502
5838135595
7643418386
5626410527
1985498154
768868965
7761146429
1365890017
7835511415
5423059052
7653792903
5913434723
1222807225
5792011688
7593841666
614285137
8039723483
409761154
7263614007
7174533629
7807179746
7370398053
7162928347
7302305929
7615123248
7120650502
8136741977
1002776320
861334998
6158491657
1197760357
6172510764
7446443080
656056313
708123732
6216460228
5777467209
7424013329
6267287396
5953917579
5688475914
7676269852
8130762222
6715739166
6079265475
645186251
1669012423
8143540433
7068593868
5692785361
5376953300
1159899193
950750383
5293176318
194922280
5557971767
6706244219
7269068100
7176613208
8215866
1619154610
7625885662
1323872656
471682394
1067184534
5214879272
7764387116
6451012504
5691032974
6763866849
6301380405
1201122442
7647999645
6029336684
6086552023
7113489291
6996771376
6803643754
7162708558
1065934843
7052256793
1092406876
1591503959
6509094370
743652468
6396573997
124840494
6805264125
6561992825
721616989
727551868
5668119353
1642880978
6026370246
771430993
868773638
7179616882
554824840
5751683235
1826134442
6612736358
1926760694
5063916673
7862036474
6348173079
7037717568
5960375559
848013683
5781940130
5241675868
7528725342
7566633547
5652359204
1861407817
1618824666
7998613743
815270228
7787396872
7426154239
7886358244
5969919645
5834872797
1214566112
7114170011
927182900
6685572486
528031381
5191359831
1230953563
7841948007
6943295413
1783458220
6661728079
1444572963
6780909385
1853326145
5214815267
7421634942
7857389854
7252328431
6488692662
999967009
6852550245
1676493207
6958861932
925249584
1955134438
7005393764
854472103
5081768834
5891351965
1867561167
979470291
5159983267
505704493
5885338415
6642922958
6856097947
5957608441
6193621878
1062323938
1726262061
7680676555
6549662068
7680641288
5045247315
7634587590
1793526135
1109372064
8026276277
7214424765
7870341879
96616720
7890567364
6761908042
1767462252
7874235510
7182181762
6447147403
7982689174
6961669002
8013581095
5558297610
7949829876
8007676030
5697935938
7860003273
5720379721
7000897086
5184925270
5727131478
1805214245
7486095028
8175476562
7218142400
7330645861
7977336345
2027964416
5380239464
7332735160
1602094967
6405959501
7596716556
8027312227
1766055623
8131454261
6999922227
7718538916
7486872974
7378562592
1064672610
7917140887
6743287970
7065880323
7637097137
5896066912
369957502
5658087517
7633047575
7434068602
1925785204
7292873690
6682057647
5370520461
1633110917
5499305678
7589302383
743653778
7010182827
7036093122
5709822222
652964458
1272694905
1862656858
8074480255
6551355196
1586049591
5018048940
5326694739
7109630777
5758371453
6764834645
1239795680
807183743
7880768964
1580443521
8152956744
957932645
7560288685
573175316
682080957
6316927428
5245954048
6237866272
7099161429
7616580033
7792636087
968092641
7354694993
7739236186
5877879252
1309870223
1320804854
5163965357
6063630007
587889359
7739993262
7818931260
7020219327
5846585006
7902440115
7674342534
6772349509
7606176819
407333114
6947066353
1839274071
6397020487
6976205528
8143271002
5900437322
1637808883
7038548070
911664709
6597101087
5879136040
1780797992
7841898865
6720532583
7208480197
5382508475
1061834143
405203659
5130037575
7588765197
5969059211
6789899470
7509761097
5262020629
6865498126
7140575365
6709386351
6859819554
5913895790
6345921240
5791201977
5835346392
7885494843
5964456684
7327004298
1488903021
5665396906
5665458325
7555228268
879673834
5197228336
6900760014
5779452509
5239588897
1665335554
7867198007
7308013207
5914224939
7489085501
6442648481
8183496034
5092789121
1401408207
7635706969
6031776954
7447765061
5327280856
809365754
6365098264
7261300641
987446134
2127658763
8022251966
6069889353
7088078145
7495811903
7748986432
7181356541
7557072882
6015631980
5189077248
7175002193
7281760651
6327620415
1621513723
6479405275
1055794409
804505972
1618916306
5050611102
5496425311
7815111334
8131932674
740212379
5024372514
6225332834
6201425590
7743783094
49325931
7339054841
1066931127
5363504852
6976182882
7723201901
6008531822
462967330
536979720
7043504826
792517716
1336462594
7498006905
7689015694
1993548718
7564542624
5409626417
5644357554
1161374157
8104170211
766416183
7748380066
6836794683
6728439385
6866371769
7666711769
6496740022
5080540925
7211779241
7628737402
7339380545
5422508432
532365444
7241636406
943737045
7039987531
131599644
5219245499
5507053170
5311826016
8185109629
5946185169
1343490910
192373332
1618677239
6691411206
7369630103
7558508128
7936329701
8094258488
7591122815
5660721223
7429301008
1269921332
7305241912
7224764794
5297340646
6792287856
6659057320
5761903291
7194005861
1030691194
7856460508
7480054460
6558269923
7985382739
1409124934
5737934802
7268366232
1396483522
6939933585
7595276119
5986341542
5748207977
6411186343
982483642
1797202825
7000751525
6732830413
7398384747
1900723993
7473406248
6143389922
7410248408
1816301112
7554914042
7416919987
5314215545
734156612
7925008042
6671401914
7323210633
7859746571
6644082604
6802555975
1080848381
1845483848
8179966832
5317247330
5674947761
7652301109
1896037109
6254603863
8080223936
6890709856
621582907
7415447641
6580062358
7112017873
7043201722
452302092
7089744135
6710632835
893304216
947447062
5943382293
5964591962
6704332290
7048405464
5010672858
5289417902
5963854784
5076082034
599053869
6581501479
6347009794
1845640032
6970557990
6134959897
2008708472
611590112
1963422432
649508076
2091485947
7714399104
7767025019
498578591
875230506
5055468802
589928774
7295404115
6028263138
5537320270
6450038418
6166672784
7916796006
446464124
1917846535
6859954414
7084756918
866087436
1900689142
7211673206
7343273922
6873209603
1552956428
8099173853
7557872348
7990034336
1591690424
5720311580
1483947862
6962058426
7481488475
6533489055
6920263039
968741694
5797668020
1282310682
1556151953
7446624274
1883182162
5234136126
1126951652
1796028664
6806436332
6107195729
5667906839
645836615
7298866386
6163393730
5205863010
889561854
8021863489
468638282
7819582135
460540694
6070549982
6605484063
5632700590
5929422373
7448447020
1843183709
6109426109
7352099733
8114263565
6357235432
7152641130
6292499038
7550555323
5162394899
5286634859
1260240665
6361366891
6214147794
1424017168
7228842168
6969876678
8024895158
6683061730
747530992
673666843
1082868607
6739137034
6839610747
6675100045
2014053881
7047098915
7457224491
7251258925
6854198665
1721310759
6494333530
853998110
683541958
369805224
6500537783
1903435628
5678982728
819821251
5753233509
519465033
6039265234
7886264554
7580592794
1371329042
6021759839
5151112975
928323116
6267464326
7072537071
7303364687
6999527453
7090577728
7763770724
7261607145
7779086891
6914964826
5866204023
8197885051
706933432
6750382759
6410191299
7431554399
7913785097
7205706545
7813535634
7565450240
7245784892
6597815003
826286214
6807535188
6644795085
7933149123
6726814553
7490777210
7032713890
7152364161
7452705585
7043680449
7386385835
7448983627
7428829224
7187009508
5152095399
5193178122
6172953144
5627222089
7219275122
2086487568
5939298261
412895547
7168153968
7185214663
7115927849
7770029192
2016780252
7555790541
921760929
1815017295
779664825
5605144613
910585560
7032788596
6976150135
1982991289
1290315103
5920913030
7225473142
5778154056
5396326693
6303962323
5133302985
6831928383
2078175702
5214499088
7211545030
1205709536
5028958609
7466863203
5175436879
5836402439
6001861962
5682939906
6350599257
7364892177
617071553
7705068815
6952935263
7710996835
5014781065
7831638024
7566957452
7838431439
7626424945
7407807486
7822177821
7833305793
7066746427
1001511536
6818533411
6305532907
409149378
6388494468
5598268635
7207143250
7688447255
702966591
798288070
5772968722
7276476458
6261446085
1503630588
629104058
636668732
5323239126
1485996532
6340565628
477671447
1644208249
6964210764
779953619
7977589864
7842008973
6790441599
7355748596
7387247017
7691306036
5139004472
5238202490
7210655069
1689769051
7226377970
6036183948
1963582865
7704020701
1248365076
7822557519
1960125435
472541798
6967782818
5914763494
1857538549
6703627217
1661041067
6579516245
869696076
6057012175
5576040331
7705010739
8027469091
5682510072
1639502252
893396035
7627415809
1071009477
5578278537
6130273384
1994604486
7348392390
6310873938
7751811211
7600080419
711566776
6719669827
7552220513
7015547746
7356617924
5716930009
6395009505
7778000569
7445027452
7060683880
5666560983
7162661769
1970598973
7567889018
1338596418
6523119019
5666923772
7799321494
7945905025
850335745
5407353700
6654348036
6159205310
1108476715
8043132080
1416618892
7812327016
1672492487
6706448114
7879737406
5172252436
7298273107
6643539107
5944795604
1935247080
978496273
7779339166
7905445207
5767274083
1948739641
5017994817
6999800445
7741290002
7350020434
6587143195
6238629010
6889155923
5187531099
6568872722
1222285930
923020365
5269791731
5265231043
7602444196
7128653634
8197488961
6565024162
1454529068
6384006249
5481607044
7229890469
942934291
6312014875
7932209969
6763782819
7475648364
7596009021
7469595285
5687062847
5066502046
1231709616
6708237993
7146572690
6476709668
6938341436
5693602987
7803681520
7309090534
442969962
7403389267
8124744484
7704095426
7930290166
7674656780
1860815988
6363299743
7615685524
6269171116
940801812
6087879427
7263468166
6362891904
7857036380
7891755942
7771514944
7090679436
6154554963
7582261542
7602997520
7687551521
7666017650
2058965415
7372204214
1683699846
7652957856
8029629655
7276165137
6827045061
6488713796
5520786524
7705722159
7099955407
7026133171
1831355184
7234380271
5118061511
768333300
7786251067
7146914562
1921453083
7427405921
8122769769
6377381586
7130487706
1677244020
5067149352
7204567758
7786199538
6813915233
7218762533
7220911048
7290923546
626492084
1681976703
1328385542
7930616166
7047566755
7507864479
7315674597
7244672064
6807119890
1364106980
6101591076
7771834998
7932183785
7162326832
7943350344
6942982005
7981837873
6282032668
7264721990
5869724829
5179567766
8191145202
5403485373
990163092
5614094230
8179624698
760088630
7632661899
1064906661
825518151
1753148233
7035608953
7215152141
6156118724
5279127339
7861458924
8144294130
7494359320
2076998826
1275152548
7782880124
7809157216
6375172332
7835062055
692272170
6420781260
7722172787
6376494659
6636347715
6712816951
7114052658
417835958
441000101
7655750525
880120367
6397183889
5505054395
5569329856
6344525263
1076331021
6747911725
1209701104
7425234366
1079369443
8116642246
7492194947
7436388352
907186028
7162593870
7483650580
7119880785
5786989958
5197731612
940917848
6882287853
6699451929
7189445348
7520228054
538958285
6801142162
6997941785
704898772
6179407424
7124353078
5904915819
6885170527
2057505747
6961251834
1604506324
1403576031
7249612832
2132303265
971492121
6125272041
5544520687
975396663
7667482012
7637148333
7188698566
5091474013
6832389474
7000798498
440726921
951299412
7447867011
7687392875
7960778581
1192169085
1287571968
1944723562
1055881054
1252875126
7261730934
7990455015
1907827495
7170199901
5757323822
1733414311
7234411442
8030551407
6982321402
7566728186
1054474465
7867572201
7819942845
6715183366
5008637502
1257830828
7840810790
7577482358
5675780991
6002495809
5931940824
5960908465
910543416
1948247609
1720044336
396864424
7314627839
6977360624
7171897855
5552101850
7274404308
6877507060
7108341675
6920322584
5244044655
7013042755
1175388244
7474696945
6388465611
5657386181
6505767092
7228173998
7226272833
7000581809
7749568475
6286949366
1779146793
938889105
2081130073
8053108171
954825084
6947237534
6444398777
634603199
1907199221
7461221219
5172047701
7337857639
6276373085
843747084
7671095393
7413933702
1049281277
7273099425
5711287883
7493249122
991487560
7055814343
6963066944
7288688781
5250267151
5282519278
7401011652
1360320846
6190923615
1963725387
6680237587
1628979533
7387278827
6785555319
7027411667
7272638340
347528023
6576764291
413657619
7057981974
7437231423
6430041059
6199993873
1260320755
5027070929
7097428565
501839385
832041838
1023245277
7299725838
6365549404
7210685199
5160415382
1186481791
6619530959
6317339096
5640494074
6824820287
7499339731
6679315990
7529815764
5175275995
6715955433
1405336118
7155743430
7158059555
6465466661
7245266936
728046476
7117194690
1950766323
7187913575
5448237317
6842244163
7285682612
7057237479
6872509700
412741072
7366085246
935759518
7381489889
6976833836
1262522880
6491872514
7196078107
777378309
6666645286
7274610277
6952890627
6644117458
5956235152
7538194237
407698822
5963595483
5192394941
7474310269
6505346635
7004557878
6852682455
7546188128
6725780175
894855211
1159936254
7057372845
7125480290
7077093003
7091382215
6727534494
6533058875
6943660696
1878902928
6606970668
7511844636
1954438413
7014191754
7392873701
6271457014
7517094324
6633637475
7163053747
7269921864
1872767050
1059554265
538568195
7179686687
7352115272
1023788358
1061352473
7098474721
7513384902
7221528985
7307669689
7412827722
6339186786
7472951056
6137571670
7305274612
6997709467
5477627882
6905946868
1441005685
6972360258
895757517
7421143955
7483969469
703776283
7360179138
1645295273
6556588913
7196224645
7403173286
487380751
1649516558
993274673
7399797568
1943902713
5892117961
328623679
6845525385
1279145787
5748590979
6104544586
655502202
5185714400
7216733452
7241207744
5188423314
7490775927
7029723829
7214779733
740622999
181192849
6334011357
6711118776
805294458
987319967
7209402038
7468659295
7371277715
1024443259
2031998661
7138769825
6435966748
6413472903
5097879945
5922645439
1753965184
7373101370
1089766763
847383669
7353810836
5716679584
7127117958
7402462464
6710340768
1087443523
1410945764
7134439289
7000575840
1073913621
1855944929
1811611614
7066780826
7339599150
861789707
7489846599
7402093829
6699056125
6304603079
1268603165
5275550258
7104165620
7337087192
7497556043
7117897307
6722501629
7262076353
6614249285
6598519131
2126511646
646875559
7026790258
7257149596
7375930880
1014845007
5457527695
7270253542
1125545626
7269163321
7032296979
7437441900
5765246081
5832658205
6693164668
6127929287
6731416584
5384021368
7348445652
6137062429
7037252524
7474228595
6743875461
5380610816
7160311896
7496570716
7146845646
6886857370
7450368909
7200752522
6201201749
5486735712
1990464583
461227514
7389459876
6716427547
1363206051
786377221
6765891346
7005816600
7466470516
131599290
6470780810
7115419491
7251521535
7443796135
7405628787
7469090934
5765740839
7471872792
1742260454
7271876743
296170311
5886041062
7336784988
6914076814
2025331520
6640208179
6602541738
5570883502
451934232
7215808289
7393879802
5986350720
6742429515
7293929836
534558503
7471684073
1975579080
5530321255
5004912026
5163763663
7266355669
6559439977
7459608595
6714643099
5635925672
1114233392
7122418259
671394025
6161263298
7005705760
602171945
6746919231
432056745
7339983869
937660259
7002382280
7257889682
7110948648
5499451258
6733870574
6086391405
1448246236
6520900930
515669355
6076118431
399749901
6896716891
316192785
6546546424
378302711
857281576
1457561820
2051260755
7142042240
7235376802
1891034973
6264095658
7274990202
5316651106
1045043624
451931632
1495499826
7406691631
1702048442
6441872488
447287461
7449714325
7368520378
5207951680
1034008827
6403810752
7071369149
5617856974
7207148074
6504078814
7065054253
7350587690
7429179433
7461801509
5234980928
6913461616
7467148439
7075649154
7357405637
7489814219
7405706471
6385391060
7354629980
7021134522
5455640587
7268827926
1675917549
7285464539
5070353681
1717952465
6976939595
988155646
7461581852
6438405082
7294415025
539275213
7222558717
5552028980
7325807125
5637314471
7320616065
7203518934
7129256984
5832738663
1891068413
1360282167
989965488
776754766
6199809799
308596331
529093504
6214869184
6925684783
6962952417
6797027188
6377561235
479002218
5725134815
624744934
1199043805
6914493345
1365443931
6854891996
5297938259
7393028523
1980346965
5672962710
1084685478
6611282119
6373790987
882169872
6779001924
6886572632
7162201676
350984287
7305458409
7368374174
5991059435
6706024776
954030288
7452619435
6262223553
436807336
1115035584
6415312391
6574212857
1058930708
7254028340
1119181954
5235950038
6219579975
1445343976
1077480431
5665122589
7486299775
2136041907
5005418133
6987881715
6081259549
7002483485
7092883907
6408640782
798612911
6337094690
5521532503
1479529075
6398282162
5360473872
918819640
6190241775
5246458520
933621817
6149066325
7360001148
5299902369
6995009625
6220231377
1125855201
7463450272
5715821053
1930893389
5024938834
7282447531
7251240423
6363690581
5806868318
6243759013
6519643681
5842819306
2014808750
5900256803
6897592799
5805817003
5481292883
6304971122
1013775615
7100989468
6667014370
2075569339
6109391585
5730241922
7107445515
6857978778
6145926148
6452705128
6131812856
1320549322
6946084798
6637261067
6459159273
5952984833
1450073361
7327643931
1386581604
5203425858
6450988571
1704653720
6700574734
1987918750
7009229622
6330552850
1683242168
6735930997
5622794340
5807809509
937615251
7120576703
6394637768
6826514265
1781811204
6930389915
6549305310
7169626449
6351981300
6782051588
6099857965
5543415999
313107178
7154449557
7107831770
6369690935
5876580770
1421087802
6545238954
6911800520
1323762518
7177340765
6603443336
6432763202
939214745
6474315257
583161738
786665945
6663457131
7023510156
5477430346
6730581980
5053497785
1631814971
6967964671
896652550
7061550846
6516982018
976593051
6649240160
6578544877
450623759
6418398610
6776821757
1371452898
6209706541
6782718243
299471773
6408633100
6132827405
496130820
5932321870
965195476
5831990859
6252759504
5865921004
6423269888
6872527574
5453472140
6656332471
275016455
1443430845
6077018312
1062000586
1327584045
1295709113
1968729069
6824730215
7198127256
6745103955
1454268575
6800755591
973140021
357355009
1376539274
523519778
5717691855
6860568430
6490202976
5247669768
7148517032
6941388151
7158462197
887936871
1344018034
1319063081
6488418115
7143898772
6407059534
6750948631
6291022552
7050180889
658439182
781614564
6459534269
5154945351
6409401359
6751182031
6817176295
7076459302
6009384372
1550439539
5657465244
6105744923
5858881658
5671452917
5602902465
7161599019
5997415882
5414593792
1317978922
920825155
7043171830
6283314756
5713267178
5847261770
5828964621
6823030643
6896094786
1855109315
6777301066
6825980022
864893100
5487245175
5113368600
842159834
6372337812
6081504330
1018123724
6098473300
6852576791
5807408262
6233997446
1326989868
975740335
1748993470
6426115862
1792693148
1001682532
6915737076
1465638308
1202432344
6847934703
2035465399
5123919211
5715300013
6467099117
5316223670
6977505608
5394568857
172673866
1371708378
6866529982
6799302575
5833807485
951376807
5758757467
1109728757
5189421196
6493303697
7105045207
6862757746
6749073448
6418165636
5441223303
5544642483
6523854819
6743506384
7113698539
552020306
6986990417
6743984091
7008486767
7142017921
6434683050
6475385174
1215648297
1920259454
624813397
7136448854
5437538791
7082404725
5620725983
5074825571
6848940627
5239573195
7156186620
6677645751
955109087
2093160790
1961901873
5564110900
5829509390
1115300697
5037841845
1262979318
2122584931
860571004
827825329
6468146807
374385661
1044514783
6410101900
1745784107
6219067157
803377825
5957401522
6805457152
7146846030
7053198651
6198740214
775055283
6128702751
210518979
7099925907
6821630026
1167458168
471230387
6585714950
7154864487
6562096430
501002945
6389747851
552866288
6797551881
7135230996
5213115738
156209532
501353451
897340159
7142996125
5133213446
6981121071
90296129
5418413819
916115052
6997751448
1492953974
5889137831
7143717861
6733102586
6218671297
581390433
6311221481
1944982979
1962112785
5720770660
6324179770
5760774397
6769392607
6968705225
5534558411
6720078698
6793059114
6738318566
5805418371
831975409
1630863482
1516821820
675032947
982635012
5791691919
1172668535
967368601
6777695250
948685771
6167993288
1019127805
6736614627
6200221042
6470181067
1681027798
5802481435
5907752564
6556974718
6499851579
6853882634
5986688422
6397514418
722002805
6822503806
5717979779
6862659262
6800833001
6792765967
6975199727
6941936250
6814543989
865098742
6902443545
6492070167
5496959313
659384087
1551215337
5839994883
6601552184
5709889691
6565181788
5912081658
1008148612
1613602197
5498474989
703798086
5014194858
6679772917
5948290666
6609830142
1149463249
1114756525
6831825098
1821090243
6736611371
6803869034
860893650
285733521
6592211864
5830420021
5937780802
6800028445
6694716629
6636728650
6637992204
6525858955
5350785661
1727804933
1270587122
6678072960
1427269111
5772136769
798723358
5179432164
6773922285
5339728413
6633549729
1974221164
1361015054
1017430448
463852777
6327196511
5783508328
5625111105
6807889883
5314580839
666386760
6007298944
1151595102
6582932257
6907513592
6778792851
6615248075
6627314874
1541749397
6786278631
2037318973
1458246732
6769787986
6760424258
6624625020
1158728555
1160181708
6172776472
5607200701
6794311194
6893680805
5996510359
6536485283
6694553432
6396956929
6847637940
6960896174
1674642826
6585156800
5267205313
6595693865
1855692028
818257066
5445027267
6624390182
6655308659
5365441994
5966005417
1039130158
6637439571
1102946317
6707506392
6703605023
1026544528
760493875
5642018764
5551942298
6259713905
6625461763
824174508
1930750264
6425408081
6568824020
5612429011
6580236532
6779827072
899350172
6019618769
5552596433
1261593464
5438148459
6888733971
5077203915
5854993803
6854505884
5783820854
6912678242
6115696895
6169089552
5693291478
5445699071
1715463722
1050943373
6836193217
5562782633
1148279720
6344839991
6971347809
6839373227
6499673503
6846645288
6950227820
911274255
5570927210
6500865236
373587804
320341150
1330056255
6876568917
6555887880
6520684894
1146523978
1396746098
5945233463
6450989368
1107722934
6751498316
6219481406
6320624887
6344170796
1236277510
6847124409
6693958836
6813558118
6939637883
519473472
5739001590
5616299247
6659592618
6884131828
6563724478
6118916990
6141365756
639997627
1203927248
1083471015
6388208769
504246058
1497986862
1477685456
6215694103
6681115851
2011061934
1871674616
740667934
6397355443
6479183177
6466636486
6639289232
949658992
6271087467
6414205103
6977611073
6854080721
6360125355
6919276482
6178648576
5649144577
1426927399
6317766949
581519310
5990110974
5285900881
6305772742
6524007559
6153151775
6055452541
5913570632
6838028732
5498584332
6662088576
6414454430
6666957334
6935353755
5967747519
5095804523
5932228308
362680052
6674440135
1297325800
6955256504
6935031170
6304510152
5664040882
568327572
6652704811
1448352274
5006935113
6185731215
6300840786
6001743442
922464224
722202588
5778947735
5744862490
568381324
6455108273
5122506198
6525440060
1062711278
6530778493
1107800721
6674340121
6643821733
6639270670
5535366834
2137776167
1688585951
6303590738
6066429051
6521752931
5952780303
950479777
557379012
2065641833
6658614728
6643024568
6713896622
6631950602
444889782
6477959189
5758205636
6412678116
2061633005
1063176814
5587151766
5083349623
6651727062
1441465462
5571583573
6825643221
5902726329
6927894987
6368480645
6159419342
1623054890
6446933152
1990594525
5851233100
1633401698
6650624283
5805936702
6213062457
6514646091
5963862714
6225270660
6551747004
6563915398
6106078902
2049605051
1482377296
1027526321
6483340208
6345986817
5213976716
931927160
6570054459
6631661799
6654008963
6404273785
6347665494
1171504357
6312974418
1241542141
899074940
5046920641
5282228587
1713782179
6190666024
852127894
5915713836
1699379266
6374438054
5214015429
6624789830
6587290663
6602573388
474734486
663191422
6045641468
6595476922
1975535225
5546503217
5469637396
2015916700
6601480936
5338311797
5384724455
1897969153
770644254
2038367618
6086155356
1165687329
5351259398
928713658
829001480
6381098951
1949605496
1198732070
463580276
6396336376
1109407961
2049938476
533199105
5837961272
861854870
1636578333
6655968074
6030860995
6207919770
5746980499
5968923431
6697450501
1307207643
5667282810
2035527873
5783495777
6316309527
5807817231
5629284702
918404297
414055206
6209087915
5915713045
6264933700
6337960303
1278532085
6658047884
1025362134
796328804
1699423092
5216408391
6313961012
6158496923
888893591
5850486685
850587080
5167250499
5070600898
5946452655
5943513020
6007043111
673211725
457684799
1475365347
5167122850
6026663259
6669924340
5016131814
1215285198
6344781593
6555736712
6431834658
5761348515
944543964
6068281461
1396363614
6392687011
6066721320
5528411277
5875205793
6294251254
5636973807
935875075
5785499227
6391346481
5487744567
1624777908
5015420631
1204791461
5584908630
709474144
5700011541
851692797
6024112858
477709040
6049422781
5077826101
5896812670
1303408251
6396356471
200637483
5974669265
5111575991
5332681767
5517441830
1224081610
5361714170
5871010315
5954547142
394347337
6279742008
6364102615
1397415723
1741068036
6078068846
5746885626
6069744928
1094436876
5132871857
6399201058
5753412852
5483620070
5881475612
5020569892
6038849859
6068607942
1547039814
6208506724
6129965161
5589310721
1451234410
1035744086
1450320223
5593616122
6144183727
155316662
799271135
6050312655
5906043020
6148484797
5792138135
1111258248
6140883576
884785702
5217308368
875858439
6124632171
6087592458
5818219362
5599400907
835721336
5742301226
5480064427
5741809343
5389230379
961408789
928322500
418531840
6295647397
5427973167
907694447
6235342283
5979194923
5182879299
2089911534
2022113002
5011447245
5863203515
575646688
5765945990
1508358511
895995924
799795845
6072394120
820206838
5819023888
636544874
1893551256
5964929058
5856095979
6159110221
1179044185
1095966995
6181480494
5610246370
874431797
717311388
1293934610
900793903
6108321076
5073782675
455442155
6071330428
5211004117
719397166
951061146
6224211151
5570717737
568362276
435562102
848882361
629939617
1049947126
5616290959
538973359
5449838177
1028225461
931659368
6248771048
6040982017
1229689557
6110379449
6104339373
6070701106
1656159742
5945156870
1390514954
1189240880
5040091432
5874891731
5502827818
5276872838
609798280
5747478450
1023302054
749076023
1320251808
473419423
5724603062
527995960
1511039491
5085324225
5010578886
787021214
5579235607
5655341602
1172812045
5355756916
1486680429
5964093409
628509202
1619032799
6097914901
1667013942
6149427307
6011145126
572025251
5649600564
1806728803
1087397889
6180169351
1090299485
5198715581
1717738411
893988411
5356675710
5182034879
923358600
5260666156
595488285
686400357
5265254019
5179204026
849914434
5497922351
1618323102
6245651895
5681257046
1476430606
1130100793
916600599
6285776275
1052400655
5621207579
5638033490
5053556550
1015052748
258020973
890511771
6247262965
1310060699
5729247952
5020414563
6093751161
5278640335
1329948150
5554139968
5696221706
753324349
5932086473
5884303648
5694432676
986738199
5975235149
608091174
974994807
779981873
987429101
5216392980
6025705282
5047813501
646323425
5467208441
5201085479
5297423070
5545051478
5369750779
6045618522
5757950638
6053287783
5593086144
972483885
995003524
5229751307
543261505
713050762
5622087697
230892307
1229821606
6195621629
1599400696
6168427079
1357059204
1727113211
958480434
1517257553
5408983540
784943355
1816511216
5701084698
5491961945
5908677681
5882871892
1402950572
975355230
1337629966
5702309765
933471335
5425468723
5851976344
1967453504
5210604796
1047813771
741712389
5611942118
5092892520
5217823993
1766035251
1460276927
976119186
975765044
1029527632
1689305881
5584848172
1700205310
5171591293
1025658699
1045447160
1004656686
5740259473
5167991708
137543653
5425033201
5936078258
5774945371
2137774323
5930414961
731436717
5629927290
5558410211
5761572398
446914660
864774249
930222258
2016972363
474989516
1838147941
5649720773
343456866
707446636
1345996826
5773411152
5175026760
5445995698
1065682240
1757801698
5152668968
1652834581
912964113
5706093202
5764227878
1379837650
5103147583
1970808173
5240231552
5694939359
214675924
5678192848
5463814011
536916485
5199245834
403454375
1119628868
1916483278
2069011265
1651852625
5462919075
771956964
1103852759
1747053097
5690545900
426505232
1249672852
621937843
5129383140
1853892345
1525206640
877791382
5300464290
5543293011
830173031
950743676
1982630293
1026389353
5640843985
533557484
584359555
810992913
855849571
1214960384
1566186514
5505041093
1434090856
2134360633
1653302746
1010474366
5770769393
5356280933
1332354806
5286017677
5068995200
866257582
330970662
1670893803
5405364764
736420718
2051955939
1185689952
766807488
5163523984
1676071244
989876949
1141620590
5673343263
5119919179
1267818930
5442231632
1371997888
307048390
792603684
925238364
1676329923
5083783412
906467074
1329335752
2027137160
1658875325
5499796829
728855598
1822302574
1005510961
1279023924
1320123598
832085473
5136050988
5122363219
1035849231
5500267156
1715223691
1435045078
5111095495
597939729
5514657734
2118857666
1467276270
1644341209
1311010218
453160112
181654233
759033904
5088087702
372373708
474081366
1415911362
5345286792
467031916
5267610516
978606167
5361682484
1059042449
375516462
604070341
5278869953
2103286590
911893303
652701753
384427143
950968255
1433012328
5179168303
5222503742
5233187053
1413442967
1932298626
1293091256
5277211563
5107468613
5030487373
371610652
1198125831
5188585008
296751317
657169729
1569283412
886059316
383246804
5108854262
770891289
489463556
685640132
5269589221
899036294
1040336527
2018286838
5068206565
5248688169
846279685
1591338794
1699967723
513377273
1334260278
5171721266
569254596
1058119069
411766542
1117625263
1788645916
2048395519
959715611
1729956675
845565219
636226619
701145219
8077978265
455243053
937986442
7385875379
5694538831
7889184399
6523209254
7180778764
7553153840
7012619541
7900544017
7122347780
5211616331
8127042397
7295586274
1809553657
5724152260
6245703487
7748359059
836350001
5511213532
7109643855
6725111410
7896498426
7117441981
911692831
8149055930
7188634621
669856970
6264908050
6168420046
6259585029
1211459781
7059480928
7214592234
7922805345
6631875297
5515819404
1301418119
1162786232
5491255536
7813359384
7907194088
981005678
1882983297
7929132697
6732639244
7760549506
8141428856
5262149008
7848716160
7203487303
5075720128
7792544774
8136534838
7965996382
2037973410
5364748789
8173376454
437545217
1293172675
6462671719
7765344593
8045350577
7844541475
5292170884
